2
3
2
1
3
1
2
1
1
2
3
1
2
3
1
4
2
4
5
5
1
6
1
2
2
2
3
3
4
3
4
5
2
1
3
7
4
4
5
1
2
3
1
3
2
5
4
3
4
5
5
6
7
6
2
7
5
6
6
6
7
7
4
8
5
3
9
10
4
7
11
5
8
12
13
6
9
7
14
8
6
9
8
10
8
9
9
10
15
11
11
12
10
8
9
16
10
11
17
11
12
18
19
1
7
8
10
2
3
1
6
2
20
21
1
13
2
6
14
15
2
4
5
4
7
8
3
22
4
3
5
5
6
12
9
10
4
23
5
3
24
25
8
16
9
26
27
7
4
28
5
9
10
8
4
5
13
11
6
14
7
6
8
6
7
12
15
16
13
17
18
11
13
19
14
14
15
9
17
18
7
3
19
4
20
5
8
6
9
7
10
8
15
16
9
1
17
10
2
3
6
8
7
9
9
10
21
11
12
4
12
13
14
10
11
15
12
16
11
13
17
12
14
15
16
29
10
30
20
11
21
5
12
6
13
14
31
18
19
20
13
21
7
22
32
23
6
33
24
34
8
9
12
10
7
13
11
8
14
9
14
10
11
15
12
35
36
8
10
11
16
17
12
18
18
19
12
13
16
9
14
10
22
23
19
17
18
24
15
19
16
13
20
17
18
22
21
22
15
11
23
24
11
17
12
25
13
11
26
14
15
37
19
20
13
7
8
16
9
17
14
15
25
27
28
25
10
11
16
12
12
13
16
26
14
27
18
15
28
19
29
18
20
19
26
27
14
29
15
28
16
17
21
12
22
13
13
23
14
23
24
16
30
25
31
32
17
20
18
17
21
19
20
18
14
15
30
22
31
13
32
20
21
26
24
27
16
28
21
22
20
18
23
19
33
34
17
22
35
23
24
19
21
20
22
25
23
29
24
21
22
23
30
15
16
21
24
22
31
23
36
37
24
33
25
23
26
25
27
32
26
28
27
33
29
34
35
38
29
36
39
40
34
26
27
28
18
14
15
20
25
16
21
26
17
22
18
29
19
25
26
30
31
20
30
32
31
37
33
34
27
24
35
25
19
26
38
39
17
27
28
23
28
29
20
27
21
18
19
24
21
25
26
41
42
28
28
29
36
30
31
22
17
32
18
37
19
30
20
40
41
38
29
39
38
30
31
27
43
32
44
30
33
45
31
32
20
42
21
40
43
44
41
24
42
22
43
15
44
45
16
46
35
36
22
46
23
25
47
26
37
48
27
28
23
38
39
40
45
24
46
25
31
26
32
34
33
47
35
34
36
47
48
29
17
49
50
21
49
51
22
50
51
33
32
52
53
33
39
34
30
40
41
52
31
42
32
37
43
33
38
44
39
27
40
35
41
36
53
54
34
48
35
54
55
41
29
30
42
28
29
23
43
24
55
25
34
56
35
18
19
24
45
46
37
23
47
48
36
49
57
58
59
56
50
60
57
58
37
25
38
30
26
39
27
20
28
59
29
26
60
27
49
28
50
33
34
21
36
37
35
44
45
61
31
32
30
62
31
61
63
32
64
31
32
22
38
23
51
39
40
62
29
41
30
31
40
51
32
52
38
39
35
33
40
41
33
42
34
24
43
35
36
53
65
54
52
66
55
67
46
68
33
69
25
70
34
26
27
33
56
57
42
35
58
43
36
44
24
37
25
41
26
34
27
28
36
42
43
44
63
45
42
43
44
53
34
35
59
35
36
71
45
37
38
60
54
39
55
28
40
29
28
30
46
47
41
44
42
64
45
65
48
66
46
67
29
47
68
48
31
69
32
46
70
71
30
36
72
37
72
73
49
50
56
37
51
52
49
47
50
36
51
38
39
57
40
45
58
59
53
33
54
38
55
34
35
56
36
39
40
60
41
41
42
52
61
53
42
54
37
55
74
75
29
30
43
47
48
57
58
43
31
59
32
62
33
56
63
57
37
38
44
58
59
31
32
73
48
33
49
44
34
50
51
60
74
61
45
46
37
76
38
64
65
35
66
52
67
68
53
60
61
49
45
62
63
75
64
77
76
78
50
51
43
46
47
52
53
39
47
40
79
80
54
48
81
55
56
54
49
50
82
61
51
62
36
37
38
77
39
63
64
57
65
66
58
55
67
59
68
39
69
38
70
71
46
40
41
47
44
48
41
45
46
60
39
47
40
69
41
83
70
71
78
79
56
48
57
72
58
52
53
42
65
54
43
44
38
62
45
63
72
46
73
84
85
73
55
56
86
61
57
87
62
88
42
89
74
43
44
39
74
45
40
41
49
66
50
64
67
68
42
49
69
70
46
75
71
47
76
77
42
48
43
80
44
51
52
75
50
51
78
52
45
46
47
59
48
48
49
53
53
54
55
49
90
56
50
91
57
92
81
58
82
65
66
59
40
41
43
49
42
43
72
67
68
44
76
69
70
93
83
71
84
60
61
50
72
51
45
46
73
58
59
60
60
94
61
61
62
62
85
86
52
63
53
95
64
54
55
87
96
56
57
47
54
55
34
63
35
73
64
74
63
75
74
75
88
97
89
79
80
36
76
77
98
65
78
66
56
67
90
68
44
69
47
70
37
71
81
38
82
76
77
65
48
78
49
91
50
99
100
83
39
84
45
40
46
79
80
62
58
63
72
73
41
48
74
42
43
57
64
44
45
58
59
60
50
81
61
51
82
62
52
83
84
63
51
52
47
53
48
77
78
53
46
47
51
54
55
49
101
102
85
79
86
50
51
103
59
104
80
105
66
106
81
107
52
108
79
80
64
60
81
61
52
82
83
84
48
67
85
68
75
86
87
87
65
66
56
49
67
68
88
65
69
66
82
83
92
57
93
76
77
70
94
95
84
54
85
85
86
71
72
87
50
88
69
70
86
89
71
72
73
49
78
50
64
79
80
89
62
81
63
88
89
73
67
90
91
68
96
97
90
53
91
74
54
55
53
109
56
110
87
57
88
54
89
65
66
69
75
67
68
51
92
69
70
76
90
71
77
78
98
64
79
80
81
55
52
82
56
57
83
72
73
65
51
74
66
75
53
67
68
52
84
85
99
82
83
100
53
101
86
87
84
55
56
74
54
57
58
85
69
59
60
91
55
92
92
56
57
88
93
89
86
94
87
76
88
90
89
58
59
111
58
59
90
60
102
61
62
63
90
75
76
103
93
104
61
105
106
91
95
96
58
60
97
61
70
71
91
98
99
64
58
65
70
59
66
67
107
92
68
93
93
94
54
94
55
62
95
63
77
78
95
62
96
77
97
94
95
72
98
73
69
99
74
70
100
71
59
60
96
64
97
75
76
108
112
109
77
113
78
98
79
65
99
100
63
64
72
96
73
80
97
81
61
82
91
83
62
63
71
92
72
110
111
79
65
80
100
66
101
98
99
102
84
100
103
104
64
60
105
61
65
66
93
66
67
94
101
68
95
96
73
112
74
56
57
69
114
58
115
78
59
60
97
70
61
71
74
72
67
68
106
113
114
75
67
115
68
102
103
81
69
104
70
116
71
117
69
72
118
119
98
105
120
121
99
73
100
101
74
101
102
82
75
103
76
122
77
107
78
102
79
80
73
85
86
79
103
104
75
101
102
62
123
124
74
70
71
103
116
117
76
81
82
125
62
126
83
63
84
72
64
73
74
77
85
75
86
105
87
118
119
65
120
121
92
76
93
88
94
80
95
81
104
105
82
76
77
127
108
128
106
129
122
107
130
108
123
131
132
83
109
133
134
83
77
84
124
125
96
87
126
88
106
107
66
89
67
106
107
90
108
109
110
78
68
79
110
80
111
111
112
81
82
78
79
113
97
98
108
89
90
91
99
84
92
93
94
95
100
63
64
135
85
136
137
83
78
138
84
139
104
105
80
109
110
112
106
113
101
107
102
69
70
75
114
115
111
140
141
109
127
110
116
117
76
114
118
115
85
116
77
78
117
65
118
79
80
103
81
86
82
71
72
104
112
105
86
106
73
74
81
87
88
83
119
84
107
108
128
75
109
129
76
77
82
113
78
79
111
108
80
109
91
81
82
83
119
120
87
121
83
122
85
84
123
86
124
110
125
88
89
85
84
85
120
86
87
126
87
88
89
90
85
86
111
87
127
88
91
92
89
89
90
112
91
90
113
92
91
92
93
94
88
110
111
112
142
95
113
143
114
93
144
115
116
86
89
117
90
87
121
90
93
118
128
122
129
114
91
79
80
81
92
112
91
88
145
92
92
89
113
96
82
93
66
90
91
96
130
115
146
94
131
130
131
93
83
147
93
84
95
132
67
94
133
114
116
92
85
114
94
115
132
97
98
133
96
117
116
97
118
98
68
94
99
94
93
100
101
123
124
148
117
149
94
118
119
95
125
119
99
96
95
134
96
86
150
97
135
98
119
99
95
102
87
103
126
69
88
95
96
96
97
100
104
105
101
100
134
101
89
120
135
121
127
90
115
97
97
98
97
95
120
102
98
122
121
91
92
103
98
104
128
99
106
116
122
123
105
124
102
120
99
121
151
123
99
100
100
100
93
107
124
125
94
95
126
98
117
103
106
152
125
153
99
126
154
127
118
136
107
100
96
70
96
155
156
101
108
101
137
97
102
138
122
98
136
157
99
129
130
102
139
158
101
100
109
101
110
123
101
97
111
102
102
140
103
103
104
159
104
102
137
105
131
98
71
132
141
108
103
99
142
109
128
133
105
138
103
112
104
105
110
124
139
100
104
103
111
160
72
104
143
104
119
125
105
106
134
161
126
135
105
120
144
106
121
129
113
107
106
107
140
112
136
114
108
145
73
137
106
130
108
107
127
107
74
122
162
146
105
123
75
128
147
138
124
113
106
106
108
125
101
127
148
129
115
107
116
109
131
126
76
108
163
128
149
109
110
139
109
110
130
164
111
110
109
117
112
77
129
111
78
113
127
111
150
131
128
140
110
114
130
108
129
151
79
141
115
107
112
111
113
108
132
112
130
113
165
109
132
102
116
142
80
103
131
118
109
81
114
82
143
131
110
83
110
115
144
117
84
133
133
118
119
132
134
85
120
166
135
111
134
116
104
111
136
112
137
138
114
135
121
115
122
114
136
112
167
152
115
123
124
133
119
145
113
153
105
132
154
134
114
168
115
135
169
113
170
120
112
114
116
117
171
155
106
86
137
133
146
121
117
134
139
135
116
147
140
118
122
87
141
118
148
115
123
88
172
116
107
156
113
125
126
89
136
141
124
173
137
119
138
114
90
174
117
138
116
139
91
136
108
137
138
115
117
118
140
125
142
143
120
117
92
175
93
126
139
119
94
157
95
118
119
120
121
141
127
96
158
144
176
97
145
120
142
122
127
116
98
143
149
118
142
121
177
119
121
117
120
128
150
128
146
118
119
119
123
139
129
129
140
178
147
121
148
122
120
121
124
144
130
122
151
125
122
109
126
179
120
127
131
123
130
132
123
149
99
124
110
111
123
141
180
152
121
133
125
150
124
143
124
181
134
144
122
145
151
142
182
131
135
159
125
122
152
123
136
137
146
125
126
126
147
126
148
123
140
127
141
145
146
138
149
132
127
133
160
124
128
129
128
130
128
183
143
129
150
125
134
127
131
184
100
153
151
153
142
139
112
154
130
113
152
128
126
135
114
155
131
129
143
130
136
154
115
185
127
116
137
140
155
131
156
132
117
157
144
128
158
124
129
125
118
156
147
159
129
161
126
127
130
144
145
101
153
154
132
131
102
146
119
132
141
145
155
133
133
130
156
157
131
138
134
134
146
147
120
147
186
160
162
148
148
135
149
163
132
136
121
164
132
157
122
142
103
133
149
158
150
137
159
143
133
158
138
128
134
159
135
133
123
144
160
161
139
134
150
187
135
104
151
136
160
188
136
124
140
105
134
151
135
135
162
189
148
161
162
137
161
136
129
130
145
139
141
152
190
153
163
191
137
165
164
137
154
106
165
163
166
192
142
155
138
107
146
156
131
136
132
166
157
193
164
139
133
125
134
137
149
138
126
158
150
139
165
167
140
168
143
152
140
166
147
135
194
141
151
167
138
136
137
169
142
153
138
138
167
143
170
168
141
168
169
154
140
141
152
148
195
159
160
162
171
172
142
196
153
142
173
169
197
198
163
143
164
127
155
139
161
144
144
162
163
164
174
165
144
175
108
170
145
170
156
199
166
145
145
146
109
139
140
139
128
176
140
143
140
129
171
147
146
200
141
154
167
165
141
110
142
201
148
142
155
149
144
141
168
149
145
166
146
171
177
150
143
147
156
202
147
150
157
144
142
151
157
172
148
148
130
131
143
151
143
145
172
144
152
169
167
158
149
168
153
144
178
145
158
146
203
169
111
150
151
149
152
112
147
173
146
159
146
152
179
170
150
174
173
159
132
204
153
170
205
160
151
180
133
147
147
113
171
114
181
134
154
148
160
206
161
175
182
207
148
183
161
149
208
154
174
153
152
149
135
150
150
153
184
176
162
155
163
171
156
136
154
157
154
151
155
177
209
162
178
175
176
155
158
155
156
177
156
159
148
163
164
165
137
172
138
157
166
158
185
167
139
151
164
152
159
140
149
186
173
153
179
174
168
160
169
145
154
141
161
162
172
170
165
178
115
180
171
142
179
160
173
181
182
210
143
172
211
187
163
173
180
155
174
156
161
146
116
175
156
144
150
152
188
189
166
157
181
153
174
175
212
190
151
176
152
176
177
117
164
158
183
175
147
118
153
213
191
178
182
148
214
119
167
149
184
183
157
185
120
177
159
158
157
215
150
121
151
216
165
184
154
217
158
162
163
159
155
159
166
179
185
145
160
218
219
164
154
186
192
160
155
165
168
178
152
153
186
166
161
146
162
220
187
160
156
156
167
188
189
169
154
180
187
190
163
122
193
188
123
157
189
190
155
191
176
181
182
191
192
192
168
221
179
156
161
147
183
193
164
169
170
157
148
180
165
194
167
124
149
195
168
166
171
184
161
170
167
162
150
169
177
181
162
125
126
168
157
158
172
151
159
158
158
163
127
222
171
223
193
159
194
185
152
163
173
164
160
178
165
174
161
179
159
160
164
169
175
176
165
195
172
162
180
196
160
166
128
173
161
166
153
167
129
163
167
170
161
181
162
182
197
171
154
194
130
198
186
174
164
199
183
170
155
196
168
177
156
131
182
162
168
169
165
157
163
195
196
178
224
164
163
187
184
165
185
164
169
186
188
179
225
166
226
180
132
183
166
187
188
158
227
170
189
197
171
165
200
181
197
167
170
166
172
228
229
230
201
231
232
168
159
169
184
175
172
198
173
190
185
182
167
167
160
168
171
169
198
183
133
171
134
176
174
168
199
175
177
186
187
172
184
161
173
233
172
170
170
176
135
171
202
234
200
201
191
177
189
192
136
172
193
173
178
194
199
137
200
178
235
174
188
173
174
169
174
162
202
175
170
138
173
190
236
176
179
203
191
237
203
175
185
139
177
189
171
192
180
140
186
163
171
193
172
141
204
174
175
178
173
238
175
176
190
204
179
176
177
195
174
187
188
178
194
201
181
182
191
179
196
205
164
177
176
180
197
175
172
165
183
202
195
180
179
205
180
177
198
189
181
178
142
203
196
184
190
178
206
199
185
143
181
176
239
197
179
186
180
198
199
177
206
200
240
187
173
181
178
207
192
181
204
191
144
145
179
241
182
179
174
205
180
207
146
206
201
175
183
242
182
243
180
188
181
166
182
202
208
176
181
209
192
147
183
184
182
182
183
207
193
167
203
148
189
208
183
168
200
182
184
185
204
183
149
169
184
244
210
150
208
209
211
193
205
194
183
201
185
194
170
209
210
202
185
212
213
211
184
245
177
184
178
186
206
151
212
246
179
247
186
213
207
184
190
191
203
210
192
214
152
171
187
214
193
180
215
153
211
212
208
181
182
172
154
204
216
188
215
155
195
187
209
195
156
216
183
185
196
217
217
194
210
205
185
188
197
195
213
186
248
218
184
173
218
214
206
174
249
215
216
186
211
196
187
197
198
175
186
187
217
189
207
212
218
185
199
187
157
190
198
188
199
213
189
176
200
196
219
220
208
189
191
185
209
201
192
219
177
220
221
202
158
222
159
190
203
221
219
178
190
188
210
191
214
220
189
200
221
201
222
223
223
192
250
224
193
215
194
225
186
224
160
188
225
191
192
186
216
251
193
179
189
202
203
187
204
226
193
226
204
227
161
180
217
222
211
223
197
198
228
195
162
205
252
194
229
163
230
181
190
227
224
206
187
225
195
164
190
191
212
196
192
165
228
197
194
166
188
195
188
229
231
196
213
197
198
198
218
199
219
214
200
191
205
192
220
207
208
182
201
189
190
206
226
196
230
189
193
221
183
190
227
191
184
215
209
253
167
168
199
199
200
192
254
207
193
169
216
255
194
195
256
170
222
232
228
210
193
211
223
191
212
231
192
196
233
229
224
202
185
217
232
197
197
193
257
203
186
204
187
213
205
230
218
200
194
219
201
188
234
208
194
233
220
195
198
198
195
234
201
221
202
235
236
202
194
196
235
206
258
199
214
203
209
199
171
225
236
226
200
207
200
172
237
259
210
238
211
227
195
231
208
215
201
222
223
212
173
209
196
197
213
196
198
210
199
197
201
214
232
200
202
239
204
240
216
203
260
211
212
224
233
198
213
174
234
217
225
202
175
228
176
189
229
226
204
215
201
216
177
205
241
227
178
235
179
203
205
203
206
237
204
238
236
190
230
180
191
199
205
197
198
192
204
218
242
228
206
206
205
231
199
193
194
239
229
243
202
203
240
195
230
244
200
204
237
219
261
205
238
196
245
201
207
206
200
207
231
208
220
262
202
232
246
239
240
232
181
241
214
208
206
197
263
203
247
242
221
215
243
248
209
204
264
241
222
205
206
198
207
207
217
182
207
223
183
210
208
233
209
184
216
210
208
265
218
217
185
218
224
186
266
209
225
226
267
268
219
211
234
244
245
199
209
208
209
220
212
201
210
249
250
269
246
227
247
219
202
251
207
213
228
252
208
221
233
220
234
210
253
203
235
187
200
211
214
211
211
212
213
222
270
248
210
214
229
188
249
235
212
211
215
223
236
254
242
224
271
215
213
255
212
272
237
209
214
204
216
238
225
212
273
201
210
256
215
202
213
243
250
217
205
203
216
230
236
226
239
211
189
206
221
227
240
244
190
228
213
257
241
214
258
216
212
259
215
207
217
191
213
218
222
218
204
216
274
219
223
260
205
217
219
220
261
220
206
214
262
192
215
221
